0 0 0.000000
0 1 0.000000
0 2 0.000000
0 3 0.000000
0 4 0.000000
0 5 0.000000
0 6 0.000000
0 7 0.000000
0 8 0.000000
0 9 0.000000
0 10 0.000000
0 11 0.000000
0 12 0.000000
0 13 0.000000
0 14 0.000000
0 15 0.000000
0 16 0.000000
0 17 0.000000
0 18 0.000000
0 19 0.000000
0 20 0.000000
0 21 0.000000
0 22 0.000000
0 23 0.000000
0 24 0.000000
0 25 0.000000
0 26 0.000000
0 27 0.000000
0 28 0.000000
0 29 0.000000
0 30 0.000000
0 31 0.000000
0 32 0.000000
0 33 0.000000
0 34 0.000000
0 35 0.000000
0 36 0.000000
0 37 0.000000
0 38 0.000000
0 39 0.000000
0 40 0.000000
0 41 0.000000
0 42 0.000000
0 43 0.000000
0 44 0.000000
0 45 0.000000
0 46 0.000000
0 47 0.000000
0 48 0.000000
0 49 0.000000
0 50 0.000000
0 51 0.000000

1 0 0.000000
1 1 0.084181
1 2 0.168360
1 3 0.252542
1 4 0.336728
1 5 0.420936
1 6 0.505167
1 7 0.589476
1 8 0.673886
1 9 0.758446
1 10 0.843202
1 11 0.928274
1 12 1.013709
1 13 1.099682
1 14 1.186296
1 15 1.273743
1 16 1.362197
1 17 1.451915
1 18 1.543119
1 19 1.636158
1 20 1.731340
1 21 1.829111
1 22 1.929872
1 23 2.034213
1 24 2.142674
1 25 2.256028
1 26 2.375020
1 27 2.500672
1 28 2.634017
1 29 2.776431
1 30 2.929401
1 31 3.094825
1 32 3.274882
1 33 3.472347
1 34 3.690509
1 35 3.933582
1 36 4.206789
1 37 4.516898
1 38 4.872692
1 39 5.285913
1 40 5.772478
1 41 6.354702
1 42 7.064682
1 43 7.950550
1 44 9.087608
1 45 10.600643
1 46 12.711253
1 47 15.848862
1 48 20.938645
1 49 30.234661
1 50 50.000000
1 51 100.000000

2 0 0.000000
2 1 0.168360
2 2 0.336719
2 3 0.505072
2 4 0.673444
2 5 0.841830
2 6 1.010290
2 7 1.178869
2 8 1.347631
2 9 1.516681
2 10 1.686132
2 11 1.856151
2 12 2.026941
2 13 2.198720
2 14 2.371789
2 15 2.546472
2 16 2.723169
2 17 2.902322
2 18 3.084448
2 19 3.270158
2 20 3.460133
2 21 3.655183
2 22 3.856205
2 23 4.064252
2 24 4.280501
2 25 4.506372
2 26 4.743441
2 27 4.993596
2 28 5.259011
2 29 5.542267
2 30 5.846373
2 31 6.174978
2 32 6.532411
2 33 6.923969
2 34 7.356155
2 35 7.837024
2 36 8.376700
2 37 8.988105
2 38 9.687995
2 39 10.498479
2 40 11.449333
2 41 12.581631
2 42 13.953512
2 43 15.649911
2 44 17.799262
2 45 20.603709
2 46 24.395517
2 47 29.745550
2 48 37.671049
2 49 50.000000
2 50 69.765339
2 51 100.000000

3 0 0.000000
3 1 0.252542
3 2 0.505072
3 3 0.757602
3 4 1.010117
3 5 1.262671
3 6 1.515299
3 7 1.768065
3 8 2.021087
3 9 2.274486
3 10 2.528475
3 11 2.783256
3 12 3.039145
3 13 3.296469
3 14 3.555652
3 15 3.817189
3 16 4.081666
3 17 4.349734
3 18 4.622187
3 19 4.899867
3 20 5.183851
3 21 5.475279
3 22 5.775506
3 23 6.086054
3 24 6.408717
3 25 6.745485
3 26 7.098766
3 27 7.471257
3 28 7.866170
3 29 8.287226
3 30 8.738864
3 31 9.226278
3 32 9.755788
3 33 10.334964
3 34 10.973107
3 35 11.681639
3 36 12.474866
3 37 13.370820
3 38 14.392692
3 39 15.570652
3 40 16.944745
3 41 18.568952
3 42 20.517819
3 43 22.896302
3 44 25.855821
3 45 29.619401
3 46 34.521553
3 47 41.066775
3 48 50.000000
3 49 62.328951
3 50 79.061355
3 51 100.000000

4 0 0.000000
4 1 0.336728
4 2 0.673444
4 3 1.010117
4 4 1.346782
4 5 1.683443
4 6 2.020164
4 7 2.357007
4 8 2.694150
4 9 3.031720
4 10 3.370004
4 11 3.709256
4 12 4.049906
4 13 4.392338
4 14 4.737163
4 15 5.084967
4 16 5.436571
4 17 5.792778
4 18 6.154655
4 19 6.523309
4 20 6.900129
4 21 7.286584
4 22 7.684499
4 23 8.095777
4 24 8.522795
4 25 8.968124
4 26 9.434886
4 27 9.926511
4 28 10.447203
4 29 11.001653
4 30 11.595555
4 31 12.235506
4 32 12.929498
4 33 13.686995
4 34 14.519661
4 35 15.441575
4 36 16.470281
4 37 17.627610
4 38 18.941286
4 39 20.446729
4 40 22.190000
4 41 24.231636
4 42 26.652480
4 43 29.561687
4 44 33.108291
4 45 37.496528
4 46 43.004521
4 47 50.000000
4 48 58.933225
4 49 70.254450
4 50 84.151138
4 51 100.000000

5 0 0.000000
5 1 0.420936
5 2 0.841830
5 3 1.262671
5 4 1.683443
5 5 2.104167
5 6 2.524879
5 7 2.945699
5 8 3.366752
5 9 3.788286
5 10 4.210536
5 11 4.633909
5 12 5.058826
5 13 5.485867
5 14 5.915657
5 15 6.349012
5 16 6.786823
5 17 7.230196
5 18 7.680314
5 19 8.138614
5 20 8.606715
5 21 9.086497
5 22 9.580031
5 23 10.089791
5 24 10.618502
5 25 11.169377
5 26 11.746048
5 27 12.352782
5 28 12.994403
5 29 13.676657
5 30 14.406154
5 31 15.190727
5 32 16.039620
5 33 16.963938
5 34 17.976932
5 35 19.094750
5 36 20.337041
5 37 21.728092
5 38 23.298094
5 39 25.084999
5 40 27.136878
5 41 29.515140
5 42 32.298772
5 43 35.589700
5 44 39.519122
5 45 44.253912
5 46 50.000000
5 47 56.995479
5 48 65.478447
5 49 75.604483
5 50 87.288747
5 51 100.000000

6 0 0.000000
6 1 0.505167
6 2 1.010290
6 3 1.515299
6 4 2.020164
6 5 2.524879
6 6 3.029511
6 7 3.534129
6 8 4.038916
6 9 4.544092
6 10 5.049985
6 11 5.556991
6 12 6.065663
6 13 6.576610
6 14 7.090611
6 15 7.608573
6 16 8.131569
6 17 8.660835
6 18 9.197801
6 19 9.744118
6 20 10.301657
6 21 10.872598
6 22 11.459383
6 23 12.064812
6 24 12.692050
6 25 13.344802
6 26 14.027208
6 27 14.744102
6 28 15.501027
6 29 16.304409
6 30 17.161675
6 31 18.081591
6 32 19.074370
6 33 20.152159
6 34 21.329422
6 35 22.623435
6 36 24.055055
6 37 25.649601
6 38 27.438008
6 39 29.458308
6 40 31.757373
6 41 34.393272
6 42 37.437781
6 43 40.979221
6 44 45.124585
6 45 50.000000
6 46 55.746088
6 47 62.503472
6 48 70.380599
6 49 79.396291
6 50 89.399357
6 51 100.000000

7 0 0.000000
7 1 0.589476
7 2 1.178869
7 3 1.768065
7 4 2.357007
7 5 2.945699
7 6 3.534129
7 7 4.122404
7 8 4.710651
7 9 5.299189
7 10 5.888275
7 11 6.478425
7 12 7.070178
7 13 7.664299
7 14 8.261570
7 15 8.863085
7 16 9.470005
7 17 10.083765
7 18 10.705929
7 19 11.338375
7 20 11.983196
7 21 12.642866
7 22 13.320065
7 23 14.017979
7 24 14.740113
7 25 15.490548
7 26 16.273866
7 27 17.095422
7 28 17.961194
7 29 18.878240
7 30 19.854574
7 31 20.899564
7 32 22.024073
7 33 23.240938
7 34 24.565132
7 35 26.014492
7 36 27.610100
7 37 29.377227
7 38 31.346038
7 39 33.552809
7 40 36.041030
7 41 38.862760
7 42 42.079873
7 43 45.764777
7 44 50.000000
7 45 54.875415
7 46 60.480878
7 47 66.891709
7 48 74.144179
7 49 82.200738
7 50 90.912392
7 51 100.000000

8 0 0.000000
8 1 0.673886
8 2 1.347631
8 3 2.021087
8 4 2.694150
8 5 3.366752
8 6 4.038916
8 7 4.710651
8 8 5.382165
8 9 6.053665
8 10 6.725543
8 11 7.398212
8 12 8.072392
8 13 8.748766
8 14 9.428337
8 15 10.112182
8 16 10.801643
8 17 11.498241
8 18 12.203769
8 19 12.920213
8 20 13.649944
8 21 14.395539
8 22 15.160099
8 23 15.946887
8 24 16.759870
8 25 17.603342
8 26 18.482342
8 27 19.402427
8 28 20.370159
8 29 21.392779
8 30 22.478835
8 31 23.637965
8 32 24.881476
8 33 26.222313
8 34 27.675709
8 35 29.259261
8 36 30.993672
8 37 32.903145
8 38 35.016115
8 39 37.365862
8 40 39.991166
8 41 42.936876
8 42 46.254176
8 43 50.000000
8 44 54.235223
8 45 59.020779
8 46 64.410300
8 47 70.438313
8 48 77.103698
8 49 84.350089
8 50 92.049450
8 51 100.000000

9 0 0.000000
9 1 0.758446
9 2 1.516681
9 3 2.274486
9 4 3.031720
9 5 3.788286
9 6 4.544092
9 7 5.299189
9 8 6.053665
9 9 6.807844
9 10 7.561955
9 11 8.316596
9 12 9.072352
9 13 9.830128
9 14 10.590803
9 15 11.355686
9 16 12.126130
9 17 12.903844
9 18 13.690678
9 19 14.488827
9 20 15.300768
9 21 16.129372
9 22 16.977782
9 23 17.849681
9 24 18.749108
9 25 19.680703
9 26 20.649664
9 27 21.661936
9 28 22.724147
9 29 23.843954
9 30 25.029970
9 31 26.292070
9 32 27.641496
9 33 29.091244
9 34 30.656103
9 35 32.353203
9 36 34.202136
9 37 36.225588
9 38 38.449447
9 39 40.903378
9 40 43.620888
9 41 46.639447
9 42 50.000000
9 43 53.745824
9 44 57.920127
9 45 62.562219
9 46 67.701228
9 47 73.347520
9 48 79.482181
9 49 86.046488
9 50 92.935318
9 51 100.000000

10 0 0.000000
10 1 0.843202
10 2 1.686132
10 3 2.528475
10 4 3.370004
10 5 4.210536
10 6 5.049985
10 7 5.888275
10 8 6.725543
10 9 7.561955
10 10 8.397890
10 11 9.233776
10 12 10.070376
10 13 10.908451
10 14 11.749122
10 15 12.593590
10 16 13.443396
10 17 14.300268
10 18 15.166238
10 19 16.043585
10 20 16.934943
10 21 17.843293
10 22 18.772026
10 23 19.724880
10 24 20.706149
10 25 21.720624
10 26 22.773694
10 27 23.871389
10 28 25.020573
10 29 26.228886
10 30 27.505017
10 31 28.858766
10 32 30.301235
10 33 31.844971
10 34 33.504278
10 35 35.295232
10 36 37.236140
10 37 39.347573
10 38 41.652699
10 39 44.177277
10 40 46.949550
10 41 50.000000
10 42 53.360553
10 43 57.063124
10 44 61.137240
10 45 65.606728
10 46 70.484860
10 47 75.768364
10 48 81.431048
10 49 87.418369
10 50 93.645298
10 51 100.000000

11 0 0.000000
11 1 0.928274
11 2 1.856151
11 3 2.783256
11 4 3.709256
11 5 4.633909
11 6 5.556991
11 7 6.478425
11 8 7.398212
11 9 8.316596
11 10 9.233776
11 11 10.150310
11 12 11.066823
11 13 11.984253
11 14 12.903564
11 15 13.826163
11 16 14.753558
11 17 15.687623
11 18 16.630400
11 19 17.584319
11 20 18.552091
11 21 19.536868
11 22 20.542059
11 23 21.571668
11 24 22.629980
11 25 23.721983
11 26 24.853051
11 27 26.029432
11 28 27.257816
11 29 28.545989
11 30 29.902426
11 31 31.336759
11 32 32.859653
11 33 34.483199
11 34 36.220745
11 35 38.087324
11 36 40.099528
11 37 42.275865
11 38 44.636520
11 39 47.203441
11 40 50.000000
11 41 53.050450
11 42 56.379112
11 43 60.008834
11 44 63.958970
11 45 68.242627
11 46 72.863122
11 47 77.810000
11 48 83.055255
11 49 88.550667
11 50 94.227522
11 51 100.000000

12 0 0.000000
12 1 1.013709
12 2 2.026941
12 3 3.039145
12 4 4.049906
12 5 5.058826
12 6 6.065663
12 7 7.070178
12 8 8.072392
12 9 9.072352
12 10 10.070376
12 11 11.066823
12 12 12.062478
12 13 13.058074
12 14 14.054815
12 15 15.053946
12 16 16.057145
12 17 17.066236
12 18 18.083442
12 19 19.111176
12 20 20.152306
12 21 21.209964
12 22 22.287802
12 23 23.389697
12 24 24.520198
12 25 25.684189
12 26 26.887235
12 27 28.135342
12 28 29.435404
12 29 30.794816
12 30 32.222007
12 31 33.726145
12 32 35.317522
12 33 37.007369
12 34 38.808242
12 35 40.733738
12 36 42.798881
12 37 45.019836
12 38 47.414086
12 39 50.000000
12 40 52.796559
12 41 55.822723
12 42 59.096622
12 43 62.634138
12 44 66.447191
12 45 70.541692
12 46 74.915001
12 47 79.553271
12 48 84.429348
12 49 89.501521
12 50 94.714087
12 51 100.000000

13 0 0.000000
13 1 1.099682
13 2 2.198720
13 3 3.296469
13 4 4.392338
13 5 5.485867
13 6 6.576610
13 7 7.664299
13 8 8.748766
13 9 9.830128
13 10 10.908451
13 11 11.984253
13 12 13.058074
13 13 14.130868
13 14 15.203582
13 15 16.277703
13 16 17.354781
13 17 18.436803
13 18 19.525917
13 19 20.624670
13 20 21.735929
13 21 22.862971
13 22 24.009355
13 23 25.179181
13 24 26.376881
13 25 27.607419
13 26 28.876249
13 27 30.189426
13 28 31.553522
13 29 32.975912
13 30 34.464587
13 31 36.028368
13 32 37.676853
13 33 39.420621
13 34 41.271046
13 35 43.240540
13 36 45.342309
13 37 47.590551
13 38 50.000000
13 39 52.585914
13 40 55.363480
13 41 58.347301
13 42 61.550553
13 43 64.983885
13 44 68.653962
13 45 72.561992
13 46 76.701906
13 47 81.058714
13 48 85.607308
13 49 90.312005
13 50 95.127308
13 51 100.000000

14 0 0.000000
14 1 1.186296
14 2 2.371789
14 3 3.555652
14 4 4.737163
14 5 5.915657
14 6 7.090611
14 7 8.261570
14 8 9.428337
14 9 10.590803
14 10 11.749122
14 11 12.903564
14 12 14.054815
14 13 15.203582
14 14 16.351028
14 15 17.498461
14 16 18.647550
14 17 19.800218
14 18 20.958726
14 19 22.125609
14 20 23.303798
14 21 24.496543
14 22 25.707533
14 23 26.940749
14 24 28.200695
14 25 29.492295
14 26 30.820926
14 27 32.192461
14 28 33.613388
14 29 35.090699
14 30 36.632075
14 31 38.245825
14 32 39.940964
14 33 41.727136
14 34 43.614815
14 35 45.614986
14 36 47.739333
14 37 50.000000
14 38 52.409449
14 39 54.980164
14 40 57.724135
14 41 60.652427
14 42 63.774412
14 43 67.096855
14 44 70.622773
14 45 74.350399
14 46 78.271908
14 47 82.372390
14 48 86.629180
14 49 91.011895
14 50 95.483102
14 51 100.000000

15 0 0.000000
15 1 1.273743
15 2 2.546472
15 3 3.817189
15 4 5.084967
15 5 6.349012
15 6 7.608573
15 7 8.863085
15 8 10.112182
15 9 11.355686
15 10 12.593590
15 11 13.826163
15 12 15.053946
15 13 16.277703
15 14 17.498461
15 15 18.717584
15 16 19.936735
15 17 21.157835
15 18 22.383174
15 19 23.615253
15 20 24.857094
15 21 26.111930
15 22 27.383422
15 23 28.675592
15 24 29.992918
15 25 31.340159
15 26 32.722691
15 27 34.146161
15 28 35.616834
15 29 37.141403
15 30 38.727204
15 31 40.381941
15 32 42.114011
15 33 43.932258
15 34 45.846076
15 35 47.865259
15 36 50.000000
15 37 52.260667
15 38 54.657691
15 39 57.201119
15 40 59.900472
15 41 62.763860
15 42 65.797864
15 43 69.006328
15 44 72.389900
15 45 75.944945
15 46 79.662959
15 47 83.529719
15 48 87.525134
15 49 91.623300
15 50 95.793211
15 51 100.000000

16 0 0.000000
16 1 1.362197
16 2 2.723169
16 3 4.081666
16 4 5.436571
16 5 6.786823
16 6 8.131569
16 7 9.470005
16 8 10.801643
16 9 12.126130
16 10 13.443396
16 11 14.753558
16 12 16.057145
16 13 17.354781
16 14 18.647550
16 15 19.936735
16 16 21.223998
16 17 22.511262
16 18 23.800801
16 19 25.095201
16 20 26.397403
16 21 27.710668
16 22 29.038689
16 23 30.385382
16 24 31.755179
16 25 33.152840
16 26 34.583501
16 27 36.052678
16 28 37.566390
16 29 39.130999
16 30 40.753366
16 31 42.440779
16 32 44.200916
16 33 46.041815
16 34 47.971977
16 35 50.000000
16 36 52.134741
16 37 54.385014
16 38 56.759460
16 39 59.266262
16 40 61.912676
16 41 64.704768
16 42 67.646797
16 43 70.740739
16 44 73.985508
16 45 77.376565
16 46 80.905250
16 47 84.558425
16 48 88.318361
16 49 92.162976
16 50 96.066418
16 51 100.000000

17 0 0.000000
17 1 1.451915
17 2 2.902322
17 3 4.349734
17 4 5.792778
17 5 7.230196
17 6 8.660835
17 7 10.083765
17 8 11.498241
17 9 12.903844
17 10 14.300268
17 11 15.687623
17 12 17.066236
17 13 18.436803
17 14 19.800218
17 15 21.157835
17 16 22.511262
17 17 23.862427
17 18 25.213609
17 19 26.567337
17 20 27.926625
17 21 29.294716
17 22 30.675210
17 23 32.072075
17 24 33.489651
17 25 34.932535
17 26 36.405783
17 27 37.914709
17 28 39.465022
17 29 41.062794
17 30 42.714535
17 31 44.426902
17 32 46.207028
17 33 48.062221
17 34 50.000000
17 35 52.028023
17 36 54.153924
17 37 56.385185
17 38 58.728954
17 39 61.191758
17 40 63.779255
17 41 66.495722
17 42 69.343897
17 43 72.324291
17 44 75.434868
17 45 78.670578
17 46 82.023068
17 47 85.480339
17 48 89.026893
17 49 92.643845
17 50 96.309491
17 51 100.000000

18 0 0.000000
18 1 1.543119
18 2 3.084448
18 3 4.622187
18 4 6.154655
18 5 7.680314
18 6 9.197801
18 7 10.705929
18 8 12.203769
18 9 13.690678
18 10 15.166238
18 11 16.630400
18 12 18.083442
18 13 19.525917
18 14 20.958726
18 15 22.383174
18 16 23.800801
18 17 25.213609
18 18 26.623748
18 19 28.033959
18 20 29.447020
18 21 30.866320
18 22 32.295365
18 23 33.738116
18 24 35.198722
18 25 36.681911
18 26 38.192335
18 27 39.735302
18 28 41.316141
18 29 42.940731
18 30 44.614970
18 31 46.345316
18 32 48.138071
18 33 50.000000
18 34 51.937779
18 35 53.958185
18 36 56.067742
18 37 58.272864
18 38 60.579379
18 39 62.992631
18 40 65.516801
18 41 68.155029
18 42 70.908756
18 43 73.777687
18 44 76.759062
18 45 79.847841
18 46 83.036062
18 47 86.313005
18 48 89.665036
18 49 93.076031
18 50 96.527653
18 51 100.000000

19 0 0.000000
19 1 1.636158
19 2 3.270158
19 3 4.899867
19 4 6.523309
19 5 8.138614
19 6 9.744118
19 7 11.338375
19 8 12.920213
19 9 14.488827
19 10 16.043585
19 11 17.584319
19 12 19.111176
19 13 20.624670
19 14 22.125609
19 15 23.615253
19 16 25.095201
19 17 26.567337
19 18 28.033959
19 19 29.497584
19 20 30.961233
19 21 32.428134
19 22 33.901820
19 23 35.386180
19 24 36.885417
19 25 38.403919
19 26 39.946447
19 27 41.517937
19 28 43.123582
19 29 44.768844
19 30 46.459475
19 31 48.201181
19 32 50.000000
19 33 51.861929
19 34 53.792972
19 35 55.799084
19 36 57.885989
19 37 60.059036
19 38 62.323147
19 39 64.682478
19 40 67.140347
19 41 69.698765
19 42 72.358504
19 43 75.118524
19 44 77.975927
19 45 80.925630
19 46 83.960380
19 47 87.070502
19 48 90.244212
19 49 93.467589
19 50 96.725118
19 51 100.000000

20 0 0.000000
20 1 1.731340
20 2 3.460133
20 3 5.183851
20 4 6.900129
20 5 8.606715
20 6 10.301657
20 7 11.983196
20 8 13.649944
20 9 15.300768
20 10 16.934943
20 11 18.552091
20 12 20.152306
20 13 21.735929
20 14 23.303798
20 15 24.857094
20 16 26.397403
20 17 27.926625
20 18 29.447020
20 19 30.961233
20 20 32.472188
20 21 33.983098
20 22 35.497617
20 23 37.019430
20 24 38.552761
20 25 40.101944
20 26 41.671562
20 27 43.266343
20 28 44.891364
20 29 46.551715
20 30 48.252785
20 31 50.000000
20 32 51.798819
20 33 53.654684
20 34 55.573098
20 35 57.559221
20 36 59.618059
20 37 61.754175
20 38 63.971632
20 39 66.273855
20 40 68.663241
20 41 71.141234
20 42 73.707930
20 43 76.362035
20 44 79.100436
20 45 81.918409
20 46 84.809273
20 47 87.764494
20 48 90.773722
20 49 93.825022
20 50 96.905175
20 51 100.000000

21 0 0.000000
21 1 1.829111
21 2 3.655183
21 3 5.475279
21 4 7.286584
21 5 9.086497
21 6 10.872598
21 7 12.642866
21 8 14.395539
21 9 16.129372
21 10 17.843293
21 11 19.536868
21 12 21.209964
21 13 22.862971
21 14 24.496543
21 15 26.111930
21 16 27.710668
21 17 29.294716
21 18 30.866320
21 19 32.428134
21 20 33.983098
21 21 35.534587
21 22 37.085961
21 23 38.641218
21 24 40.204299
21 25 41.779585
21 26 43.371431
21 27 44.984611
21 28 46.623718
21 29 48.293862
21 30 50.000000
21 31 51.747215
21 32 53.540525
21 33 55.385030
21 34 57.285465
21 35 59.246634
21 36 61.272796
21 37 63.367925
21 38 65.535413
21 39 67.777993
21 40 70.097574
21 41 72.494983
21 42 74.970030
21 43 77.521165
21 44 80.145426
21 45 82.838325
21 46 85.593846
21 47 88.404445
21 48 91.261136
21 49 94.153627
21 50 97.070599
21 51 100.000000

22 0 0.000000
22 1 1.929872
22 2 3.856205
22 3 5.775506
22 4 7.684499
22 5 9.580031
22 6 11.459383
22 7 13.320065
22 8 15.160099
22 9 16.977782
22 10 18.772026
22 11 20.542059
22 12 22.287802
22 13 24.009355
22 14 25.707533
22 15 27.383422
22 16 29.038689
22 17 30.675210
22 18 32.295365
22 19 33.901820
22 20 35.497617
22 21 37.085961
22 22 38.670586
22 23 40.255098
22 24 41.843700
22 25 43.440563
22 26 45.050096
22 27 46.676707
22 28 48.325147
22 29 50.000000
22 30 51.706138
22 31 53.448285
22 32 55.231156
22 33 57.059269
22 34 58.937206
22 35 60.869001
22 36 62.858597
22 37 64.909301
22 38 67.024088
22 39 69.205184
22 40 71.454011
22 41 73.771114
22 42 76.156046
22 43 78.607221
22 44 81.121760
22 45 83.695591
22 46 86.323343
22 47 88.998347
22 48 91.712774
22 49 94.457733
22 50 97.223569
22 51 100.000000

23 0 0.000000
23 1 2.034213
23 2 4.064252
23 3 6.086054
23 4 8.095777
23 5 10.089791
23 6 12.064812
23 7 14.017979
23 8 15.946887
23 9 17.849681
23 10 19.724880
23 11 21.571668
23 12 23.389697
23 13 25.179181
23 14 26.940749
23 15 28.675592
23 16 30.385382
23 17 32.072075
23 18 33.738116
23 19 35.386180
23 20 37.019430
23 21 38.641218
23 22 40.255098
23 23 41.864945
23 24 43.474839
23 25 45.088911
23 26 46.711530
23 27 48.347078
23 28 50.000000
23 29 51.674853
23 30 53.376282
23 31 55.108636
23 32 56.876418
23 33 58.683859
23 34 60.534978
23 35 62.433610
23 36 64.383166
23 37 66.386612
23 38 68.446478
23 39 70.564596
23 40 72.742184
23 41 74.979427
23 42 77.275853
23 43 79.629841
23 44 82.038806
23 45 84.498973
23 46 87.005597
23 47 89.552797
23 48 92.133830
23 49 94.740989
23 50 97.365983
23 51 100.000000

24 0 0.000000
24 1 2.142674
24 2 4.280501
24 3 6.408717
24 4 8.522795
24 5 10.618502
24 6 12.692050
24 7 14.740113
24 8 16.759870
24 9 18.749108
24 10 20.706149
24 11 22.629980
24 12 24.520198
24 13 26.376881
24 14 28.200695
24 15 29.992918
24 16 31.755179
24 17 33.489651
24 18 35.198722
24 19 36.885417
24 20 38.552761
24 21 40.204299
24 22 41.843700
24 23 43.474839
24 24 45.101748
24 25 46.728792
24 26 48.360052
24 27 50.000000
24 28 51.652922
24 29 53.323293
24 30 55.015389
24 31 56.733657
24 32 58.482063
24 33 60.264698
24 34 62.085291
24 35 63.947322
24 36 65.853839
24 37 67.807539
24 38 69.810574
24 39 71.864658
24 40 73.970568
24 41 76.128611
24 42 78.338064
24 43 80.597573
24 44 82.904578
24 45 85.255898
24 46 87.647218
24 47 90.073489
24 48 92.528743
24 49 95.006404
24 50 97.499328
24 51 100.000000

25 0 0.000000
25 1 2.256028
25 2 4.506372
25 3 6.745485
25 4 8.968124
25 5 11.169377
25 6 13.344802
25 7 15.490548
25 8 17.603342
25 9 19.680703
25 10 21.720624
25 11 23.721983
25 12 25.684189
25 13 27.607419
25 14 29.492295
25 15 31.340159
25 16 33.152840
25 17 34.932535
25 18 36.681911
25 19 38.403919
25 20 40.101944
25 21 41.779585
25 22 43.440563
25 23 45.088911
25 24 46.728792
25 25 48.364385
25 26 50.000000
25 27 51.639948
25 28 53.288470
25 29 54.949904
25 30 56.628569
25 31 58.328438
25 32 60.053553
25 33 61.807665
25 34 63.594217
25 35 65.416499
25 36 67.277309
25 37 69.179074
25 38 71.123751
25 39 73.112765
25 40 75.146949
25 41 77.226306
25 42 79.350336
25 43 81.517658
25 44 83.726134
25 45 85.972792
25 46 88.253952
25 47 90.565114
25 48 92.901234
25 49 95.256559
25 50 97.624980
25 51 100.000000

26 0 0.000000
26 1 2.375020
26 2 4.743441
26 3 7.098766
26 4 9.434886
26 5 11.746048
26 6 14.027208
26 7 16.273866
26 8 18.482342
26 9 20.649664
26 10 22.773694
26 11 24.853051
26 12 26.887235
26 13 28.876249
26 14 30.820926
26 15 32.722691
26 16 34.583501
26 17 36.405783
26 18 38.192335
26 19 39.946447
26 20 41.671562
26 21 43.371431
26 22 45.050096
26 23 46.711530
26 24 48.360052
26 25 50.000000
26 26 51.635615
26 27 53.271208
26 28 54.911089
26 29 56.559437
26 30 58.220415
26 31 59.898056
26 32 61.596081
26 33 63.318089
26 34 65.067465
26 35 66.847160
26 36 68.659841
26 37 70.507705
26 38 72.392581
26 39 74.315811
26 40 76.278017
26 41 78.279376
26 42 80.319297
26 43 82.396658
26 44 84.509452
26 45 86.655198
26 46 88.830623
26 47 91.031876
26 48 93.254515
26 49 95.493628
26 50 97.743972
26 51 100.000000

27 0 0.000000
27 1 2.500672
27 2 4.993596
27 3 7.471257
27 4 9.926511
27 5 12.352782
27 6 14.744102
27 7 17.095422
27 8 19.402427
27 9 21.661936
27 10 23.871389
27 11 26.029432
27 12 28.135342
27 13 30.189426
27 14 32.192461
27 15 34.146161
27 16 36.052678
27 17 37.914709
27 18 39.735302
27 19 41.517937
27 20 43.266343
27 21 44.984611
27 22 46.676707
27 23 48.347078
27 24 50.000000
27 25 51.639948
27 26 53.271208
27 27 54.898252
27 28 56.525161
27 29 58.156300
27 30 59.795701
27 31 61.447239
27 32 63.114583
27 33 64.801278
27 34 66.510349
27 35 68.244821
27 36 70.007082
27 37 71.799305
27 38 73.623119
27 39 75.479802
27 40 77.370020
27 41 79.293851
27 42 81.250892
27 43 83.240130
27 44 85.259887
27 45 87.307950
27 46 89.381498
27 47 91.477205
27 48 93.591283
27 49 95.719499
27 50 97.857326
27 51 100.000000

28 0 0.000000
28 1 2.634017
28 2 5.259011
28 3 7.866170
28 4 10.447203
28 5 12.994403
28 6 15.501027
28 7 17.961194
28 8 20.370159
28 9 22.724147
28 10 25.020573
28 11 27.257816
28 12 29.435404
28 13 31.553522
28 14 33.613388
28 15 35.616834
28 16 37.566390
28 17 39.465022
28 18 41.316141
28 19 43.123582
28 20 44.891364
28 21 46.623718
28 22 48.325147
28 23 50.000000
28 24 51.652922
28 25 53.288470
28 26 54.911089
28 27 56.525161
28 28 58.135055
28 29 59.744902
28 30 61.358782
28 31 62.980570
28 32 64.613820
28 33 66.261884
28 34 67.927925
28 35 69.614618
28 36 71.324408
28 37 73.059251
28 38 74.820819
28 39 76.610303
28 40 78.428332
28 41 80.275120
28 42 82.150319
28 43 84.053113
28 44 85.982021
28 45 87.935188
28 46 89.910209
28 47 91.904223
28 48 93.913946
28 49 95.935748
28 50 97.965787
28 51 100.000000

29 0 0.000000
29 1 2.776431
29 2 5.542267
29 3 8.287226
29 4 11.001653
29 5 13.676657
29 6 16.304409
29 7 18.878240
29 8 21.392779
29 9 23.843954
29 10 26.228886
29 11 28.545989
29 12 30.794816
29 13 32.975912
29 14 35.090699
29 15 37.141403
29 16 39.130999
29 17 41.062794
29 18 42.940731
29 19 44.768844
29 20 46.551715
29 21 48.293862
29 22 50.000000
29 23 51.674853
29 24 53.323293
29 25 54.949904
29 26 56.559437
29 27 58.156300
29 28 59.744902
29 29 61.329414
29 30 62.914039
29 31 64.502383
29 32 66.098180
29 33 67.704635
29 34 69.324790
29 35 70.961311
29 36 72.616578
29 37 74.292467
29 38 75.990645
29 39 77.712198
29 40 79.457941
29 41 81.227974
29 42 83.022218
29 43 84.839901
29 44 86.679935
29 45 88.540617
29 46 90.419969
29 47 92.315501
29 48 94.224494
29 49 96.143795
29 50 98.070128
29 51 100.000000

30 0 0.000000
30 1 2.929401
30 2 5.846373
30 3 8.738864
30 4 11.595555
30 5 14.406154
30 6 17.161675
30 7 19.854574
30 8 22.478835
30 9 25.029970
30 10 27.505017
30 11 29.902426
30 12 32.222007
30 13 34.464587
30 14 36.632075
30 15 38.727204
30 16 40.753366
30 17 42.714535
30 18 44.614970
30 19 46.459475
30 20 48.252785
30 21 50.000000
30 22 51.706138
30 23 53.376282
30 24 55.015389
30 25 56.628569
30 26 58.220415
30 27 59.795701
30 28 61.358782
30 29 62.914039
30 30 64.465413
30 31 66.016902
30 32 67.571866
30 33 69.133680
30 34 70.705284
30 35 72.289332
30 36 73.888070
30 37 75.503457
30 38 77.137029
30 39 78.790036
30 40 80.463132
30 41 82.156707
30 42 83.870628
30 43 85.604461
30 44 87.357134
30 45 89.127402
30 46 90.913503
30 47 92.713416
30 48 94.524721
30 49 96.344817
30 50 98.170889
30 51 100.000000

31 0 0.000000
31 1 3.094825
31 2 6.174978
31 3 9.226278
31 4 12.235506
31 5 15.190727
31 6 18.081591
31 7 20.899564
31 8 23.637965
31 9 26.292070
31 10 28.858766
31 11 31.336759
31 12 33.726145
31 13 36.028368
31 14 38.245825
31 15 40.381941
31 16 42.440779
31 17 44.426902
31 18 46.345316
31 19 48.201181
31 20 50.000000
31 21 51.747215
31 22 53.448285
31 23 55.108636
31 24 56.733657
31 25 58.328438
31 26 59.898056
31 27 61.447239
31 28 62.980570
31 29 64.502383
31 30 66.016902
31 31 67.527812
31 32 69.038767
31 33 70.552980
31 34 72.073375
31 35 73.602597
31 36 75.142906
31 37 76.696202
31 38 78.264071
31 39 79.847694
31 40 81.447909
31 41 83.065057
31 42 84.699232
31 43 86.350056
31 44 88.016804
31 45 89.698343
31 46 91.393285
31 47 93.099871
31 48 94.816149
31 49 96.539867
31 50 98.268660
31 51 100.000000

32 0 0.000000
32 1 3.274882
32 2 6.532411
32 3 9.755788
32 4 12.929498
32 5 16.039620
32 6 19.074370
32 7 22.024073
32 8 24.881476
32 9 27.641496
32 10 30.301235
32 11 32.859653
32 12 35.317522
32 13 37.676853
32 14 39.940964
32 15 42.114011
32 16 44.200916
32 17 46.207028
32 18 48.138071
32 19 50.000000
32 20 51.798819
32 21 53.540525
32 22 55.231156
32 23 56.876418
32 24 58.482063
32 25 60.053553
32 26 61.596081
32 27 63.114583
32 28 64.613820
32 29 66.098180
32 30 67.571866
32 31 69.038767
32 32 70.502416
32 33 71.966041
32 34 73.432663
32 35 74.904799
32 36 76.384747
32 37 77.874391
32 38 79.375330
32 39 80.888824
32 40 82.415681
32 41 83.956415
32 42 85.511173
32 43 87.079787
32 44 88.661625
32 45 90.255882
32 46 91.861386
32 47 93.476691
32 48 95.100133
32 49 96.729842
32 50 98.363842
32 51 100.000000

33 0 0.000000
33 1 3.472347
33 2 6.923969
33 3 10.334964
33 4 13.686995
33 5 16.963938
33 6 20.152159
33 7 23.240938
33 8 26.222313
33 9 29.091244
33 10 31.844971
33 11 34.483199
33 12 37.007369
33 13 39.420621
33 14 41.727136
33 15 43.932258
33 16 46.041815
33 17 48.062221
33 18 50.000000
33 19 51.861929
33 20 53.654684
33 21 55.385030
33 22 57.059269
33 23 58.683859
33 24 60.264698
33 25 61.807665
33 26 63.318089
33 27 64.801278
33 28 66.261884
33 29 67.704635
33 30 69.133680
33 31 70.552980
33 32 71.966041
33 33 73.376252
33 34 74.786391
33 35 76.199199
33 36 77.616826
33 37 79.041274
33 38 80.474083
33 39 81.916558
33 40 83.369600
33 41 84.833762
33 42 86.309322
33 43 87.796231
33 44 89.294071
33 45 90.802199
33 46 92.319686
33 47 93.845345
33 48 95.377813
33 49 96.915552
33 50 98.456881
33 51 100.000000

34 0 0.000000
34 1 3.690509
34 2 7.356155
34 3 10.973107
34 4 14.519661
34 5 17.976932
34 6 21.329422
34 7 24.565132
34 8 27.675709
34 9 30.656103
34 10 33.504278
34 11 36.220745
34 12 38.808242
34 13 41.271046
34 14 43.614815
34 15 45.846076
34 16 47.971977
34 17 50.000000
34 18 51.937779
34 19 53.792972
34 20 55.573098
34 21 57.285465
34 22 58.937206
34 23 60.534978
34 24 62.085291
34 25 63.594217
34 26 65.067465
34 27 66.510349
34 28 67.927925
34 29 69.324790
34 30 70.705284
34 31 72.073375
34 32 73.432663
34 33 74.786391
34 34 76.137573
34 35 77.488738
34 36 78.842165
34 37 80.199782
34 38 81.563197
34 39 82.933764
34 40 84.312377
34 41 85.699732
34 42 87.096156
34 43 88.501759
34 44 89.916235
34 45 91.339165
34 46 92.769804
34 47 94.207222
34 48 95.650266
34 49 97.097678
34 50 98.548085
34 51 100.000000

35 0 0.000000
35 1 3.933582
35 2 7.837024
35 3 11.681639
35 4 15.441575
35 5 19.094750
35 6 22.623435
35 7 26.014492
35 8 29.259261
35 9 32.353203
35 10 35.295232
35 11 38.087324
35 12 40.733738
35 13 43.240540
35 14 45.614986
35 15 47.865259
35 16 50.000000
35 17 52.028023
35 18 53.958185
35 19 55.799084
35 20 57.559221
35 21 59.246634
35 22 60.869001
35 23 62.433610
35 24 63.947322
35 25 65.416499
35 26 66.847160
35 27 68.244821
35 28 69.614618
35 29 70.961311
35 30 72.289332
35 31 73.602597
35 32 74.904799
35 33 76.199199
35 34 77.488738
35 35 78.776002
35 36 80.063265
35 37 81.352450
35 38 82.645219
35 39 83.942855
35 40 85.246442
35 41 86.556604
35 42 87.873870
35 43 89.198357
35 44 90.529995
35 45 91.868431
35 46 93.213177
35 47 94.563429
35 48 95.918334
35 49 97.276831
35 50 98.637803
35 51 100.000000

36 0 0.000000
36 1 4.206789
36 2 8.376700
36 3 12.474866
36 4 16.470281
36 5 20.337041
36 6 24.055055
36 7 27.610100
36 8 30.993672
36 9 34.202136
36 10 37.236140
36 11 40.099528
36 12 42.798881
36 13 45.342309
36 14 47.739333
36 15 50.000000
36 16 52.134741
36 17 54.153924
36 18 56.067742
36 19 57.885989
36 20 59.618059
36 21 61.272796
36 22 62.858597
36 23 64.383166
36 24 65.853839
36 25 67.277309
36 26 68.659841
36 27 70.007082
36 28 71.324408
36 29 72.616578
36 30 73.888070
36 31 75.142906
36 32 76.384747
36 33 77.616826
36 34 78.842165
36 35 80.063265
36 36 81.282416
36 37 82.501539
36 38 83.722297
36 39 84.946054
36 40 86.173837
36 41 87.406410
36 42 88.644314
36 43 89.887818
36 44 91.136915
36 45 92.391427
36 46 93.650988
36 47 94.915033
36 48 96.182811
36 49 97.453528
36 50 98.726257
36 51 100.000000

37 0 0.000000
37 1 4.516898
37 2 8.988105
37 3 13.370820
37 4 17.627610
37 5 21.728092
37 6 25.649601
37 7 29.377227
37 8 32.903145
37 9 36.225588
37 10 39.347573
37 11 42.275865
37 12 45.019836
37 13 47.590551
37 14 50.000000
37 15 52.260667
37 16 54.385014
37 17 56.385185
37 18 58.272864
37 19 60.059036
37 20 61.754175
37 21 63.367925
37 22 64.909301
37 23 66.386612
37 24 67.807539
37 25 69.179074
37 26 70.507705
37 27 71.799305
37 28 73.059251
37 29 74.292467
37 30 75.503457
37 31 76.696202
37 32 77.874391
37 33 79.041274
37 34 80.199782
37 35 81.352450
37 36 82.501539
37 37 83.648972
37 38 84.796418
37 39 85.945185
37 40 87.096436
37 41 88.250878
37 42 89.409197
37 43 90.571663
37 44 91.738430
37 45 92.909389
37 46 94.084343
37 47 95.262837
37 48 96.444348
37 49 97.628211
37 50 98.813704
37 51 100.000000

38 0 0.000000
38 1 4.872692
38 2 9.687995
38 3 14.392692
38 4 18.941286
38 5 23.298094
38 6 27.438008
38 7 31.346038
38 8 35.016115
38 9 38.449447
38 10 41.652699
38 11 44.636520
38 12 47.414086
38 13 50.000000
38 14 52.409449
38 15 54.657691
38 16 56.759460
38 17 58.728954
38 18 60.579379
38 19 62.323147
38 20 63.971632
38 21 65.535413
38 22 67.024088
38 23 68.446478
38 24 69.810574
38 25 71.123751
38 26 72.392581
38 27 73.623119
38 28 74.820819
38 29 75.990645
38 30 77.137029
38 31 78.264071
38 32 79.375330
38 33 80.474083
38 34 81.563197
38 35 82.645219
38 36 83.722297
38 37 84.796418
38 38 85.869132
38 39 86.941926
38 40 88.015747
38 41 89.091549
38 42 90.169872
38 43 91.251234
38 44 92.335701
38 45 93.423390
38 46 94.514133
38 47 95.607662
38 48 96.703531
38 49 97.801280
38 50 98.900318
38 51 100.000000

39 0 0.000000
39 1 5.285913
39 2 10.498479
39 3 15.570652
39 4 20.446729
39 5 25.084999
39 6 29.458308
39 7 33.552809
39 8 37.365862
39 9 40.903378
39 10 44.177277
39 11 47.203441
39 12 50.000000
39 13 52.585914
39 14 54.980164
39 15 57.201119
39 16 59.266262
39 17 61.191758
39 18 62.992631
39 19 64.682478
39 20 66.273855
39 21 67.777993
39 22 69.205184
39 23 70.564596
39 24 71.864658
39 25 73.112765
39 26 74.315811
39 27 75.479802
39 28 76.610303
39 29 77.712198
39 30 78.790036
39 31 79.847694
39 32 80.888824
39 33 81.916558
39 34 82.933764
39 35 83.942855
39 36 84.946054
39 37 85.945185
39 38 86.941926
39 39 87.937522
39 40 88.933177
39 41 89.929624
39 42 90.927648
39 43 91.927608
39 44 92.929822
39 45 93.934337
39 46 94.941174
39 47 95.950094
39 48 96.960855
39 49 97.973059
39 50 98.986291
39 51 100.000000

40 0 0.000000
40 1 5.772478
40 2 11.449333
40 3 16.944745
40 4 22.190000
40 5 27.136878
40 6 31.757373
40 7 36.041030
40 8 39.991166
40 9 43.620888
40 10 46.949550
40 11 50.000000
40 12 52.796559
40 13 55.363480
40 14 57.724135
40 15 59.900472
40 16 61.912676
40 17 63.779255
40 18 65.516801
40 19 67.140347
40 20 68.663241
40 21 70.097574
40 22 71.454011
40 23 72.742184
40 24 73.970568
40 25 75.146949
40 26 76.278017
40 27 77.370020
40 28 78.428332
40 29 79.457941
40 30 80.463132
40 31 81.447909
40 32 82.415681
40 33 83.369600
40 34 84.312377
40 35 85.246442
40 36 86.173837
40 37 87.096436
40 38 88.015747
40 39 88.933177
40 40 89.849690
40 41 90.766224
40 42 91.683404
40 43 92.601788
40 44 93.521575
40 45 94.443009
40 46 95.366091
40 47 96.290744
40 48 97.216744
40 49 98.143849
40 50 99.071726
40 51 100.000000

41 0 0.000000
41 1 6.354702
41 2 12.581631
41 3 18.568952
41 4 24.231636
41 5 29.515140
41 6 34.393272
41 7 38.862760
41 8 42.936876
41 9 46.639447
41 10 50.000000
41 11 53.050450
41 12 55.822723
41 13 58.347301
41 14 60.652427
41 15 62.763860
41 16 64.704768
41 17 66.495722
41 18 68.155029
41 19 69.698765
41 20 71.141234
41 21 72.494983
41 22 73.771114
41 23 74.979427
41 24 76.128611
41 25 77.226306
41 26 78.279376
41 27 79.293851
41 28 80.275120
41 29 81.227974
41 30 82.156707
41 31 83.065057
41 32 83.956415
41 33 84.833762
41 34 85.699732
41 35 86.556604
41 36 87.406410
41 37 88.250878
41 38 89.091549
41 39 89.929624
41 40 90.766224
41 41 91.602110
41 42 92.438045
41 43 93.274457
41 44 94.111725
41 45 94.950015
41 46 95.789464
41 47 96.629996
41 48 97.471525
41 49 98.313868
41 50 99.156798
41 51 100.000000

42 0 0.000000
42 1 7.064682
42 2 13.953512
42 3 20.517819
42 4 26.652480
42 5 32.298772
42 6 37.437781
42 7 42.079873
42 8 46.254176
42 9 50.000000
42 10 53.360553
42 11 56.379112
42 12 59.096622
42 13 61.550553
42 14 63.774412
42 15 65.797864
42 16 67.646797
42 17 69.343897
42 18 70.908756
42 19 72.358504
42 20 73.707930
42 21 74.970030
42 22 76.156046
42 23 77.275853
42 24 78.338064
42 25 79.350336
42 26 80.319297
42 27 81.250892
42 28 82.150319
42 29 83.022218
42 30 83.870628
42 31 84.699232
42 32 85.511173
42 33 86.309322
42 34 87.096156
42 35 87.873870
42 36 88.644314
42 37 89.409197
42 38 90.169872
42 39 90.927648
42 40 91.683404
42 41 92.438045
42 42 93.192156
42 43 93.946335
42 44 94.700811
42 45 95.455908
42 46 96.211714
42 47 96.968280
42 48 97.725514
42 49 98.483319
42 50 99.241554
42 51 100.000000

43 0 0.000000
43 1 7.950550
43 2 15.649911
43 3 22.896302
43 4 29.561687
43 5 35.589700
43 6 40.979221
43 7 45.764777
43 8 50.000000
43 9 53.745824
43 10 57.063124
43 11 60.008834
43 12 62.634138
43 13 64.983885
43 14 67.096855
43 15 69.006328
43 16 70.740739
43 17 72.324291
43 18 73.777687
43 19 75.118524
43 20 76.362035
43 21 77.521165
43 22 78.607221
43 23 79.629841
43 24 80.597573
43 25 81.517658
43 26 82.396658
43 27 83.240130
43 28 84.053113
43 29 84.839901
43 30 85.604461
43 31 86.350056
43 32 87.079787
43 33 87.796231
43 34 88.501759
43 35 89.198357
43 36 89.887818
43 37 90.571663
43 38 91.251234
43 39 91.927608
43 40 92.601788
43 41 93.274457
43 42 93.946335
43 43 94.617835
43 44 95.289349
43 45 95.961084
43 46 96.633248
43 47 97.305850
43 48 97.978913
43 49 98.652369
43 50 99.326114
43 51 100.000000

44 0 0.000000
44 1 9.087608
44 2 17.799262
44 3 25.855821
44 4 33.108291
44 5 39.519122
44 6 45.124585
44 7 50.000000
44 8 54.235223
44 9 57.920127
44 10 61.137240
44 11 63.958970
44 12 66.447191
44 13 68.653962
44 14 70.622773
44 15 72.389900
44 16 73.985508
44 17 75.434868
44 18 76.759062
44 19 77.975927
44 20 79.100436
44 21 80.145426
44 22 81.121760
44 23 82.038806
44 24 82.904578
44 25 83.726134
44 26 84.509452
44 27 85.259887
44 28 85.982021
44 29 86.679935
44 30 87.357134
44 31 88.016804
44 32 88.661625
44 33 89.294071
44 34 89.916235
44 35 90.529995
44 36 91.136915
44 37 91.738430
44 38 92.335701
44 39 92.929822
44 40 93.521575
44 41 94.111725
44 42 94.700811
44 43 95.289349
44 44 95.877596
44 45 96.465871
44 46 97.054301
44 47 97.642993
44 48 98.231935
44 49 98.821131
44 50 99.410524
44 51 100.000000

45 0 0.000000
45 1 10.600643
45 2 20.603709
45 3 29.619401
45 4 37.496528
45 5 44.253912
45 6 50.000000
45 7 54.875415
45 8 59.020779
45 9 62.562219
45 10 65.606728
45 11 68.242627
45 12 70.541692
45 13 72.561992
45 14 74.350399
45 15 75.944945
45 16 77.376565
45 17 78.670578
45 18 79.847841
45 19 80.925630
45 20 81.918409
45 21 82.838325
45 22 83.695591
45 23 84.498973
45 24 85.255898
45 25 85.972792
45 26 86.655198
45 27 87.307950
45 28 87.935188
45 29 88.540617
45 30 89.127402
45 31 89.698343
45 32 90.255882
45 33 90.802199
45 34 91.339165
45 35 91.868431
45 36 92.391427
45 37 92.909389
45 38 93.423390
45 39 93.934337
45 40 94.443009
45 41 94.950015
45 42 95.455908
45 43 95.961084
45 44 96.465871
45 45 96.970489
45 46 97.475121
45 47 97.979836
45 48 98.484701
45 49 98.989710
45 50 99.494833
45 51 100.000000

46 0 0.000000
46 1 12.711253
46 2 24.395517
46 3 34.521553
46 4 43.004521
46 5 50.000000
46 6 55.746088
46 7 60.480878
46 8 64.410300
46 9 67.701228
46 10 70.484860
46 11 72.863122
46 12 74.915001
46 13 76.701906
46 14 78.271908
46 15 79.662959
46 16 80.905250
46 17 82.023068
46 18 83.036062
46 19 83.960380
46 20 84.809273
46 21 85.593846
46 22 86.323343
46 23 87.005597
46 24 87.647218
46 25 88.253952
46 26 88.830623
46 27 89.381498
46 28 89.910209
46 29 90.419969
46 30 90.913503
46 31 91.393285
46 32 91.861386
46 33 92.319686
46 34 92.769804
46 35 93.213177
46 36 93.650988
46 37 94.084343
46 38 94.514133
46 39 94.941174
46 40 95.366091
46 41 95.789464
46 42 96.211714
46 43 96.633248
46 44 97.054301
46 45 97.475121
46 46 97.895833
46 47 98.316557
46 48 98.737329
46 49 99.158170
46 50 99.579064
46 51 100.000000

47 0 0.000000
47 1 15.848862
47 2 29.745550
47 3 41.066775
47 4 50.000000
47 5 56.995479
47 6 62.503472
47 7 66.891709
47 8 70.438313
47 9 73.347520
47 10 75.768364
47 11 77.810000
47 12 79.553271
47 13 81.058714
47 14 82.372390
47 15 83.529719
47 16 84.558425
47 17 85.480339
47 18 86.313005
47 19 87.070502
47 20 87.764494
47 21 88.404445
47 22 88.998347
47 23 89.552797
47 24 90.073489
47 25 90.565114
47 26 91.031876
47 27 91.477205
47 28 91.904223
47 29 92.315501
47 30 92.713416
47 31 93.099871
47 32 93.476691
47 33 93.845345
47 34 94.207222
47 35 94.563429
47 36 94.915033
47 37 95.262837
47 38 95.607662
47 39 95.950094
47 40 96.290744
47 41 96.629996
47 42 96.968280
47 43 97.305850
47 44 97.642993
47 45 97.979836
47 46 98.316557
47 47 98.653218
47 48 98.989883
47 49 99.326556
47 50 99.663272
47 51 100.000000

48 0 0.000000
48 1 20.938645
48 2 37.671049
48 3 50.000000
48 4 58.933225
48 5 65.478447
48 6 70.380599
48 7 74.144179
48 8 77.103698
48 9 79.482181
48 10 81.431048
48 11 83.055255
48 12 84.429348
48 13 85.607308
48 14 86.629180
48 15 87.525134
48 16 88.318361
48 17 89.026893
48 18 89.665036
48 19 90.244212
48 20 90.773722
48 21 91.261136
48 22 91.712774
48 23 92.133830
48 24 92.528743
48 25 92.901234
48 26 93.254515
48 27 93.591283
48 28 93.913946
48 29 94.224494
48 30 94.524721
48 31 94.816149
48 32 95.100133
48 33 95.377813
48 34 95.650266
48 35 95.918334
48 36 96.182811
48 37 96.444348
48 38 96.703531
48 39 96.960855
48 40 97.216744
48 41 97.471525
48 42 97.725514
48 43 97.978913
48 44 98.231935
48 45 98.484701
48 46 98.737329
48 47 98.989883
48 48 99.242398
48 49 99.494928
48 50 99.747458
48 51 100.000000

49 0 0.000000
49 1 30.234661
49 2 50.000000
49 3 62.328951
49 4 70.254450
49 5 75.604483
49 6 79.396291
49 7 82.200738
49 8 84.350089
49 9 86.046488
49 10 87.418369
49 11 88.550667
49 12 89.501521
49 13 90.312005
49 14 91.011895
49 15 91.623300
49 16 92.162976
49 17 92.643845
49 18 93.076031
49 19 93.467589
49 20 93.825022
49 21 94.153627
49 22 94.457733
49 23 94.740989
49 24 95.006404
49 25 95.256559
49 26 95.493628
49 27 95.719499
49 28 95.935748
49 29 96.143795
49 30 96.344817
49 31 96.539867
49 32 96.729842
49 33 96.915552
49 34 97.097678
49 35 97.276831
49 36 97.453528
49 37 97.628211
49 38 97.801280
49 39 97.973059
49 40 98.143849
49 41 98.313868
49 42 98.483319
49 43 98.652369
49 44 98.821131
49 45 98.989710
49 46 99.158170
49 47 99.326556
49 48 99.494928
49 49 99.663281
49 50 99.831640
49 51 100.000000

50 0 0.000000
50 1 50.000000
50 2 69.765339
50 3 79.061355
50 4 84.151138
50 5 87.288747
50 6 89.399357
50 7 90.912392
50 8 92.049450
50 9 92.935318
50 10 93.645298
50 11 94.227522
50 12 94.714087
50 13 95.127308
50 14 95.483102
50 15 95.793211
50 16 96.066418
50 17 96.309491
50 18 96.527653
50 19 96.725118
50 20 96.905175
50 21 97.070599
50 22 97.223569
50 23 97.365983
50 24 97.499328
50 25 97.624980
50 26 97.743972
50 27 97.857326
50 28 97.965787
50 29 98.070128
50 30 98.170889
50 31 98.268660
50 32 98.363842
50 33 98.456881
50 34 98.548085
50 35 98.637803
50 36 98.726257
50 37 98.813704
50 38 98.900318
50 39 98.986291
50 40 99.071726
50 41 99.156798
50 42 99.241554
50 43 99.326114
50 44 99.410524
50 45 99.494833
50 46 99.579064
50 47 99.663272
50 48 99.747458
50 49 99.831640
50 50 99.915819
50 51 100.000000

51 0 100.000000
51 1 100.000000
51 2 100.000000
51 3 100.000000
51 4 100.000000
51 5 100.000000
51 6 100.000000
51 7 100.000000
51 8 100.000000
51 9 100.000000
51 10 100.000000
51 11 100.000000
51 12 100.000000
51 13 100.000000
51 14 100.000000
51 15 100.000000
51 16 100.000000
51 17 100.000000
51 18 100.000000
51 19 100.000000
51 20 100.000000
51 21 100.000000
51 22 100.000000
51 23 100.000000
51 24 100.000000
51 25 100.000000
51 26 100.000000
51 27 100.000000
51 28 100.000000
51 29 100.000000
51 30 100.000000
51 31 100.000000
51 32 100.000000
51 33 100.000000
51 34 100.000000
51 35 100.000000
51 36 100.000000
51 37 100.000000
51 38 100.000000
51 39 100.000000
51 40 100.000000
51 41 100.000000
51 42 100.000000
51 43 100.000000
51 44 100.000000
51 45 100.000000
51 46 100.000000
51 47 100.000000
51 48 100.000000
51 49 100.000000
51 50 100.000000
51 51 100.000000

