0 0 0.000000
0 1 0.000000
0 2 0.000000
0 3 0.000000
0 4 0.000000
0 5 0.000000
0 6 0.000000
0 7 0.000000
0 8 0.000000
0 9 0.000000
0 10 0.000000
0 11 0.000000
0 12 0.000000
0 13 0.000000
0 14 0.000000
0 15 0.000000
0 16 0.000000
0 17 0.000000
0 18 0.000000
0 19 0.000000
0 20 0.000000
0 21 0.000000
0 22 0.000000
0 23 0.000000
0 24 0.000000
0 25 0.000000
0 26 0.000000
0 27 0.000000
0 28 0.000000
0 29 0.000000
0 30 0.000000
0 31 100.000000

1 0 0.000000
1 1 0.228020
1 2 0.456052
1 3 0.684107
1 4 0.912312
1 5 1.140862
1 6 1.370126
1 7 1.600641
1 8 1.833138
1 9 2.068675
1 10 2.308548
1 11 2.554491
1 12 2.808654
1 13 3.073766
1 14 3.353218
1 15 3.651356
1 16 3.973561
1 17 4.326883
1 18 4.720340
1 19 5.165994
1 20 5.680105
1 21 6.285346
1 22 7.014201
1 23 7.915197
1 24 9.064030
1 25 10.585900
1 26 12.702826
1 27 15.844643
1 28 20.936958
1 29 30.234233
1 30 50.000000
1 31 100.000000

2 0 0.000000
2 1 0.456052
2 2 0.912070
2 3 1.368082
2 4 1.824274
2 5 2.281031
2 6 2.739023
2 7 3.199279
2 8 3.663279
2 9 4.133012
2 10 4.611050
2 11 5.100786
2 12 5.606382
2 13 6.133197
2 14 6.687820
2 15 7.278632
2 16 7.916084
2 17 8.613632
2 18 9.388525
2 19 10.263542
2 20 11.269112
2 21 12.447071
2 22 13.856296
2 23 15.582551
2 24 17.755043
2 25 20.576755
2 26 24.380778
2 27 29.738810
2 28 37.668940
2 29 50.000000
2 30 69.765767
2 31 100.000000

3 0 0.000000
3 1 0.684107
3 2 1.368082
3 3 2.051882
3 4 2.735663
3 5 3.419944
3 6 4.105627
3 7 4.794186
3 8 5.487699
3 9 6.189014
3 10 6.901897
3 11 7.631158
3 12 8.382918
3 13 9.164767
3 14 9.986262
3 15 10.859220
3 16 11.798540
3 17 12.822984
3 18 13.956595
3 19 15.230489
3 20 16.685748
3 21 18.377493
3 22 20.381403
3 23 22.803645
3 24 25.796846
3 25 29.585281
3 26 34.504701
3 27 41.060884
3 28 50.000000
3 29 62.331060
3 30 79.063042
3 31 100.000000

4 0 0.000000
4 1 0.912312
4 2 1.824274
4 3 2.735663
4 4 3.646550
4 5 4.557434
4 6 5.469373
4 7 6.384131
4 8 7.304284
4 9 8.233443
4 10 9.176325
4 11 10.139056
4 12 11.129314
4 13 12.156731
4 14 13.233175
4 15 14.373453
4 16 15.595796
4 17 16.923161
4 18 18.384322
4 19 20.016082
4 20 21.865867
4 21 23.995768
4 22 26.488136
4 23 29.453803
4 24 33.043377
4 25 37.462819
4 26 42.991882
4 27 50.000000
4 28 58.939116
4 29 70.261190
4 30 84.155357
4 31 100.000000

5 0 0.000000
5 1 1.140862
5 2 2.281031
5 3 3.419944
5 4 4.557434
5 5 5.693861
5 6 6.830312
5 7 7.968670
5 8 9.111890
5 9 10.264139
5 10 11.430927
5 11 12.619421
5 12 13.838607
5 13 15.099646
5 14 16.416344
5 15 17.805571
5 16 19.288104
5 17 20.889497
5 18 22.641482
5 19 24.583644
5 20 26.765899
5 21 29.251569
5 22 32.121626
5 23 35.480042
5 24 39.460081
5 25 44.230717
5 26 50.000000
5 27 57.008118
5 28 65.495299
5 29 75.619222
5 30 87.297174
5 31 100.000000

6 0 0.000000
6 1 1.370126
6 2 2.739023
6 3 4.105627
6 4 5.469373
6 5 6.830312
6 6 8.189337
6 7 9.548341
6 8 10.910477
6 9 12.280277
6 10 13.663853
6 11 15.069112
6 12 16.506047
6 13 17.986973
6 14 19.526996
6 15 21.144457
6 16 22.861554
6 17 24.705284
6 18 26.708447
6 19 28.911139
6 20 31.362526
6 21 34.123002
6 22 37.266784
6 23 40.884664
6 24 45.086187
6 25 50.000000
6 26 55.769283
6 27 62.537181
6 28 70.414719
6 29 79.423245
6 30 89.414100
6 31 100.000000

7 0 0.000000
7 1 1.600641
7 2 3.199279
7 3 4.794186
7 4 6.384131
7 5 7.968670
7 6 9.548341
7 7 11.124869
7 8 12.701389
7 9 14.282619
7 10 15.875041
7 11 17.487108
7 12 19.129462
7 13 20.815178
7 14 22.560222
7 15 24.383648
7 16 26.308357
7 17 28.361569
7 18 30.575837
7 19 32.989906
7 20 35.650043
7 21 38.611083
7 22 41.937841
7 23 45.705631
7 24 50.000000
7 25 54.913813
7 26 60.539919
7 27 66.956623
7 28 74.203154
7 29 82.244957
7 30 90.935970
7 31 100.000000

8 0 0.000000
8 1 1.833138
8 2 3.663279
8 3 5.487699
8 4 7.304284
8 5 9.111890
8 6 10.910477
8 7 12.701389
8 8 14.487557
8 9 16.273744
8 10 18.066574
8 11 19.874797
8 12 21.709452
8 13 23.584101
8 14 25.515011
8 15 27.521591
8 16 29.626596
8 17 31.856790
8 18 34.243353
8 19 36.822620
8 20 39.636585
8 21 42.733491
8 22 46.167821
8 23 50.000000
8 24 54.294369
8 25 59.115336
8 26 64.519958
8 27 70.546197
8 28 77.196355
8 29 84.417449
8 30 92.084803
8 31 100.000000

9 0 0.000000
9 1 2.068675
9 2 4.133012
9 3 6.189014
9 4 8.233443
9 5 10.264139
9 6 12.280277
9 7 14.282619
9 8 16.273744
9 9 18.258232
9 10 20.242702
9 11 22.236072
9 12 24.249513
9 13 26.296768
9 14 28.394231
9 15 30.561106
9 16 32.819693
9 17 35.195633
9 18 37.718200
9 19 40.420647
9 20 43.340280
9 21 46.518431
9 22 50.000000
9 23 53.832179
9 24 58.062159
9 25 62.733216
9 26 67.878374
9 27 73.511864
9 28 79.618597
9 29 86.143704
9 30 92.985799
9 31 100.000000

10 0 0.000000
10 1 2.308548
10 2 4.611050
10 3 6.901897
10 4 9.176325
10 5 11.430927
10 6 13.663853
10 7 15.875041
10 8 18.066574
10 9 20.242702
10 10 22.409991
10 11 24.577202
10 12 26.755748
10 13 28.959240
10 14 31.204049
10 15 33.508921
10 16 35.895450
10 17 38.387782
10 18 41.013174
10 19 43.801450
10 20 46.785440
10 21 50.000000
10 22 53.481569
10 23 57.266509
10 24 61.388917
10 25 65.876998
10 26 70.748431
10 27 76.004232
10 28 81.622507
10 29 87.552929
10 30 93.714654
10 31 100.000000

11 0 0.000000
11 1 2.554491
11 2 5.100786
11 3 7.631158
11 4 10.139056
11 5 12.619421
11 6 15.069112
11 7 17.487108
11 8 19.874797
11 9 22.236072
11 10 24.577202
11 11 26.907105
11 12 29.236950
11 13 31.580484
11 14 33.953756
11 15 36.375158
11 16 38.865262
11 17 41.446965
11 18 44.145109
11 19 46.986657
11 20 50.000000
11 21 53.214560
11 22 56.659720
11 23 60.363415
11 24 64.349957
11 25 68.637474
11 26 73.234101
11 27 78.134133
11 28 83.314252
11 29 88.730888
11 30 94.319895
11 31 100.000000

12 0 0.000000
12 1 2.808654
12 2 5.606382
12 3 8.382918
12 4 11.129314
12 5 13.838607
12 6 16.506047
12 7 19.129462
12 8 21.709452
12 9 24.249513
12 10 26.755748
12 11 29.236950
12 12 31.704465
12 13 34.171981
12 14 36.655375
12 15 39.172659
12 16 41.743543
12 17 44.389576
12 18 47.133687
12 19 50.000000
12 20 53.013343
12 21 56.198550
12 22 59.579353
12 23 63.177380
12 24 67.010094
12 25 71.088861
12 26 75.416356
12 27 79.983918
12 28 84.769511
12 29 89.736458
12 30 94.834006
12 31 100.000000

13 0 0.000000
13 1 3.073766
13 2 6.133197
13 3 9.164767
13 4 12.156731
13 5 15.099646
13 6 17.986973
13 7 20.815178
13 8 23.584101
13 9 26.296768
13 10 28.959240
13 11 31.580484
13 12 34.171981
13 13 36.747544
13 14 39.323181
13 15 41.916472
13 16 44.546646
13 17 47.234056
13 18 50.000000
13 19 52.866313
13 20 55.854891
13 21 58.986826
13 22 62.281800
13 23 65.756647
13 24 69.424163
13 25 73.291553
13 26 77.358518
13 27 81.615678
13 28 86.043405
13 29 90.611475
13 30 95.279660
13 31 100.000000

14 0 0.000000
14 1 3.353218
14 2 6.687820
14 3 9.986262
14 4 13.233175
14 5 16.416344
14 6 19.526996
14 7 22.560222
14 8 25.515011
14 9 28.394231
14 10 31.204049
14 11 33.953756
14 12 36.655375
14 13 39.323181
14 14 41.973315
14 15 44.623526
14 16 47.292537
14 17 50.000000
14 18 52.765944
14 19 55.610424
14 20 58.553035
14 21 61.612218
14 22 64.804367
14 23 68.143210
14 24 71.638431
14 25 75.294716
14 26 79.110503
14 27 83.076839
14 28 87.177016
14 29 91.386368
14 30 95.673117
14 31 100.000000

15 0 0.000000
15 1 3.651356
15 2 7.278632
15 3 10.859220
15 4 14.373453
15 5 17.805571
15 6 21.144457
15 7 24.383648
15 8 27.521591
15 9 30.561106
15 10 33.508921
15 11 36.375158
15 12 39.172659
15 13 41.916472
15 14 44.623526
15 15 47.311734
15 16 50.000000
15 17 52.707463
15 18 55.453354
15 19 58.256457
15 20 61.134738
15 21 64.104550
15 22 67.180307
15 23 70.373404
15 24 73.691643
15 25 77.138446
15 26 80.711896
15 27 84.404204
15 28 88.201460
15 29 92.083916
15 30 96.026439
15 31 100.000000

16 0 0.000000
16 1 3.973561
16 2 7.916084
16 3 11.798540
16 4 15.595796
16 5 19.288104
16 6 22.861554
16 7 26.308357
16 8 29.626596
16 9 32.819693
16 10 35.895450
16 11 38.865262
16 12 41.743543
16 13 44.546646
16 14 47.292537
16 15 50.000000
16 16 52.688266
16 17 55.376474
16 18 58.083528
16 19 60.827341
16 20 63.624842
16 21 66.491079
16 22 69.438894
16 23 72.478409
16 24 75.616352
16 25 78.855543
16 26 82.194429
16 27 85.626547
16 28 89.140780
16 29 92.721368
16 30 96.348644
16 31 100.000000

17 0 0.000000
17 1 4.326883
17 2 8.613632
17 3 12.822984
17 4 16.923161
17 5 20.889497
17 6 24.705284
17 7 28.361569
17 8 31.856790
17 9 35.195633
17 10 38.387782
17 11 41.446965
17 12 44.389576
17 13 47.234056
17 14 50.000000
17 15 52.707463
17 16 55.376474
17 17 58.026685
17 18 60.676819
17 19 63.344625
17 20 66.046244
17 21 68.795951
17 22 71.605769
17 23 74.484989
17 24 77.439778
17 25 80.473004
17 26 83.583656
17 27 86.766825
17 28 90.013738
17 29 93.312180
17 30 96.646782
17 31 100.000000

18 0 0.000000
18 1 4.720340
18 2 9.388525
18 3 13.956595
18 4 18.384322
18 5 22.641482
18 6 26.708447
18 7 30.575837
18 8 34.243353
18 9 37.718200
18 10 41.013174
18 11 44.145109
18 12 47.133687
18 13 50.000000
18 14 52.765944
18 15 55.453354
18 16 58.083528
18 17 60.676819
18 18 63.252456
18 19 65.828019
18 20 68.419516
18 21 71.040760
18 22 73.703232
18 23 76.415899
18 24 79.184822
18 25 82.013027
18 26 84.900354
18 27 87.843269
18 28 90.835233
18 29 93.866803
18 30 96.926234
18 31 100.000000

19 0 0.000000
19 1 5.165994
19 2 10.263542
19 3 15.230489
19 4 20.016082
19 5 24.583644
19 6 28.911139
19 7 32.989906
19 8 36.822620
19 9 40.420647
19 10 43.801450
19 11 46.986657
19 12 50.000000
19 13 52.866313
19 14 55.610424
19 15 58.256457
19 16 60.827341
19 17 63.344625
19 18 65.828019
19 19 68.295535
19 20 70.763050
19 21 73.244252
19 22 75.750487
19 23 78.290548
19 24 80.870538
19 25 83.493953
19 26 86.161393
19 27 88.870686
19 28 91.617082
19 29 94.393618
19 30 97.191346
19 31 100.000000

20 0 0.000000
20 1 5.680105
20 2 11.269112
20 3 16.685748
20 4 21.865867
20 5 26.765899
20 6 31.362526
20 7 35.650043
20 8 39.636585
20 9 43.340280
20 10 46.785440
20 11 50.000000
20 12 53.013343
20 13 55.854891
20 14 58.553035
20 15 61.134738
20 16 63.624842
20 17 66.046244
20 18 68.419516
20 19 70.763050
20 20 73.092895
20 21 75.422798
20 22 77.763928
20 23 80.125203
20 24 82.512892
20 25 84.930888
20 26 87.380579
20 27 89.860944
20 28 92.368842
20 29 94.899214
20 30 97.445509
20 31 100.000000

21 0 0.000000
21 1 6.285346
21 2 12.447071
21 3 18.377493
21 4 23.995768
21 5 29.251569
21 6 34.123002
21 7 38.611083
21 8 42.733491
21 9 46.518431
21 10 50.000000
21 11 53.214560
21 12 56.198550
21 13 58.986826
21 14 61.612218
21 15 64.104550
21 16 66.491079
21 17 68.795951
21 18 71.040760
21 19 73.244252
21 20 75.422798
21 21 77.590009
21 22 79.757298
21 23 81.933426
21 24 84.124959
21 25 86.336147
21 26 88.569073
21 27 90.823675
21 28 93.098103
21 29 95.388950
21 30 97.691452
21 31 100.000000

22 0 0.000000
22 1 7.014201
22 2 13.856296
22 3 20.381403
22 4 26.488136
22 5 32.121626
22 6 37.266784
22 7 41.937841
22 8 46.167821
22 9 50.000000
22 10 53.481569
22 11 56.659720
22 12 59.579353
22 13 62.281800
22 14 64.804367
22 15 67.180307
22 16 69.438894
22 17 71.605769
22 18 73.703232
22 19 75.750487
22 20 77.763928
22 21 79.757298
22 22 81.741768
22 23 83.726256
22 24 85.717381
22 25 87.719723
22 26 89.735861
22 27 91.766557
22 28 93.810986
22 29 95.866988
22 30 97.931325
22 31 100.000000

23 0 0.000000
23 1 7.915197
23 2 15.582551
23 3 22.803645
23 4 29.453803
23 5 35.480042
23 6 40.884664
23 7 45.705631
23 8 50.000000
23 9 53.832179
23 10 57.266509
23 11 60.363415
23 12 63.177380
23 13 65.756647
23 14 68.143210
23 15 70.373404
23 16 72.478409
23 17 74.484989
23 18 76.415899
23 19 78.290548
23 20 80.125203
23 21 81.933426
23 22 83.726256
23 23 85.512443
23 24 87.298611
23 25 89.089523
23 26 90.888110
23 27 92.695716
23 28 94.512301
23 29 96.336721
23 30 98.166862
23 31 100.000000

24 0 0.000000
24 1 9.064030
24 2 17.755043
24 3 25.796846
24 4 33.043377
24 5 39.460081
24 6 45.086187
24 7 50.000000
24 8 54.294369
24 9 58.062159
24 10 61.388917
24 11 64.349957
24 12 67.010094
24 13 69.424163
24 14 71.638431
24 15 73.691643
24 16 75.616352
24 17 77.439778
24 18 79.184822
24 19 80.870538
24 20 82.512892
24 21 84.124959
24 22 85.717381
24 23 87.298611
24 24 88.875131
24 25 90.451659
24 26 92.031330
24 27 93.615869
24 28 95.205814
24 29 96.800721
24 30 98.399359
24 31 100.000000

25 0 0.000000
25 1 10.585900
25 2 20.576755
25 3 29.585281
25 4 37.462819
25 5 44.230717
25 6 50.000000
25 7 54.913813
25 8 59.115336
25 9 62.733216
25 10 65.876998
25 11 68.637474
25 12 71.088861
25 13 73.291553
25 14 75.294716
25 15 77.138446
25 16 78.855543
25 17 80.473004
25 18 82.013027
25 19 83.493953
25 20 84.930888
25 21 86.336147
25 22 87.719723
25 23 89.089523
25 24 90.451659
25 25 91.810663
25 26 93.169688
25 27 94.530627
25 28 95.894373
25 29 97.260977
25 30 98.629874
25 31 100.000000

26 0 0.000000
26 1 12.702826
26 2 24.380778
26 3 34.504701
26 4 42.991882
26 5 50.000000
26 6 55.769283
26 7 60.539919
26 8 64.519958
26 9 67.878374
26 10 70.748431
26 11 73.234101
26 12 75.416356
26 13 77.358518
26 14 79.110503
26 15 80.711896
26 16 82.194429
26 17 83.583656
26 18 84.900354
26 19 86.161393
26 20 87.380579
26 21 88.569073
26 22 89.735861
26 23 90.888110
26 24 92.031330
26 25 93.169688
26 26 94.306139
26 27 95.442566
26 28 96.580056
26 29 97.718969
26 30 98.859138
26 31 100.000000

27 0 0.000000
27 1 15.844643
27 2 29.738810
27 3 41.060884
27 4 50.000000
27 5 57.008118
27 6 62.537181
27 7 66.956623
27 8 70.546197
27 9 73.511864
27 10 76.004232
27 11 78.134133
27 12 79.983918
27 13 81.615678
27 14 83.076839
27 15 84.404204
27 16 85.626547
27 17 86.766825
27 18 87.843269
27 19 88.870686
27 20 89.860944
27 21 90.823675
27 22 91.766557
27 23 92.695716
27 24 93.615869
27 25 94.530627
27 26 95.442566
27 27 96.353450
27 28 97.264337
27 29 98.175726
27 30 99.087688
27 31 100.000000

28 0 0.000000
28 1 20.936958
28 2 37.668940
28 3 50.000000
28 4 58.939116
28 5 65.495299
28 6 70.414719
28 7 74.203154
28 8 77.196355
28 9 79.618597
28 10 81.622507
28 11 83.314252
28 12 84.769511
28 13 86.043405
28 14 87.177016
28 15 88.201460
28 16 89.140780
28 17 90.013738
28 18 90.835233
28 19 91.617082
28 20 92.368842
28 21 93.098103
28 22 93.810986
28 23 94.512301
28 24 95.205814
28 25 95.894373
28 26 96.580056
28 27 97.264337
28 28 97.948118
28 29 98.631918
28 30 99.315893
28 31 100.000000

29 0 0.000000
29 1 30.234233
29 2 50.000000
29 3 62.331060
29 4 70.261190
29 5 75.619222
29 6 79.423245
29 7 82.244957
29 8 84.417449
29 9 86.143704
29 10 87.552929
29 11 88.730888
29 12 89.736458
29 13 90.611475
29 14 91.386368
29 15 92.083916
29 16 92.721368
29 17 93.312180
29 18 93.866803
29 19 94.393618
29 20 94.899214
29 21 95.388950
29 22 95.866988
29 23 96.336721
29 24 96.800721
29 25 97.260977
29 26 97.718969
29 27 98.175726
29 28 98.631918
29 29 99.087930
29 30 99.543948
29 31 100.000000

30 0 0.000000
30 1 50.000000
30 2 69.765767
30 3 79.063042
30 4 84.155357
30 5 87.297174
30 6 89.414100
30 7 90.935970
30 8 92.084803
30 9 92.985799
30 10 93.714654
30 11 94.319895
30 12 94.834006
30 13 95.279660
30 14 95.673117
30 15 96.026439
30 16 96.348644
30 17 96.646782
30 18 96.926234
30 19 97.191346
30 20 97.445509
30 21 97.691452
30 22 97.931325
30 23 98.166862
30 24 98.399359
30 25 98.629874
30 26 98.859138
30 27 99.087688
30 28 99.315893
30 29 99.543948
30 30 99.771980
30 31 100.000000

31 0 0.000000
31 1 100.000000
31 2 100.000000
31 3 100.000000
31 4 100.000000
31 5 100.000000
31 6 100.000000
31 7 100.000000
31 8 100.000000
31 9 100.000000
31 10 100.000000
31 11 100.000000
31 12 100.000000
31 13 100.000000
31 14 100.000000
31 15 100.000000
31 16 100.000000
31 17 100.000000
31 18 100.000000
31 19 100.000000
31 20 100.000000
31 21 100.000000
31 22 100.000000
31 23 100.000000
31 24 100.000000
31 25 100.000000
31 26 100.000000
31 27 100.000000
31 28 100.000000
31 29 100.000000
31 30 100.000000
31 31 100.000000

